    y            Area             P            n          V            Rh             Sf             E             Fr             Dh       X           z
   5.0000000  284.0000000  228.1246118    0.0145233    0.1232394    1.2449336     0.0000024     5.0007741    0.0350225    1.2622222    0.0000000    0.0000000
   4.9307000  268.4768000  227.9003523    0.0145303    0.1303651    1.1780447     0.0000029     4.9315662    0.0380917    1.1939657    0.0000000    0.0000000
   4.8614000  252.9536000  227.6760928    0.0145374    0.1383653    1.1110240     0.0000035     4.8623758    0.0416386    1.1256250 -710.8307007    0.0710831
   4.7921000  237.4304000  227.4518333    0.0145444    0.1474116    1.0438711     0.0000043     4.7932076    0.0457740    1.0571999 -1425.6080753    0.1425608
   4.7228000  221.9072000  227.2275738    0.0145515    0.1577236    0.9765857     0.0000054     4.7240679    0.0506445    0.9886904 -2145.5748569    0.2145575
   4.6535000  206.3840000  227.0033142    0.0145586    0.1695868    0.9091673     0.0000069     4.6549658    0.0564470    0.9200961 -2872.5097164    0.2872510
   4.5842000  190.8608000  226.7790547    0.0145657    0.1833797    0.8416156     0.0000090     4.5859140    0.0634520    0.8514171 -3609.0390632    0.3609039
   4.5149000  175.3376000  226.5547952    0.0145728    0.1996149    0.7739302     0.0000119     4.5169309    0.0720400    0.7826530 -4359.1934455    0.4359193
   4.4456000  159.8144000  226.3305357    0.0145799    0.2190040    0.7061106     0.0000162     4.4480446    0.0827615    0.7138038 -5129.4699525    0.5129470
   4.3763000  144.2912000  226.1062762    0.0145870    0.2425650    0.6381565     0.0000228     4.3792989    0.0964401    0.6448694 -5931.0504744    0.5931050
   4.3070000  128.7680000  225.8820167    0.0145942    0.2718067    0.5700675     0.0000333     4.3107655    0.1143592    0.5758495 -6785.0451395    0.6785045
   4.2377000  113.2448000  225.6577572    0.0146013    0.3090650    0.5018432     0.0000511     4.2425686    0.1386184    0.5067439 -7737.4056183    0.7737406
   4.1684000   97.7216000  225.4334977    0.0146085    0.3581603    0.4334830     0.0000834     4.1749382    0.1728733    0.4375526 -8916.8267640    0.8916827
   4.0991000   82.1984000  225.2092382    0.0146157    0.4257990    0.3649868     0.0001485     4.1083408    0.2240185    0.3682754 -10982.2266319    1.0982227
   4.0298000   66.6752000  224.9849786    0.0146229    0.5249328    0.2963540     0.0002982     4.0438446    0.3065473    0.2989120 -6810.6493192    0.6810649
   3.9605000   59.0946205   24.7118944    0.0250000    0.5922705    2.3913432     0.0000686     3.9783789    0.1175652    2.5871036 -6287.7682897    0.6287768
   3.8912000   57.5212749   24.4019754    0.0250000    0.6084705    2.3572385     0.0000738     3.9100704    0.1216765    2.5491595 -5502.6728104    0.5502673
   3.8219000   55.9671392   24.0920564    0.0250000    0.6253670    2.3230536     0.0000794     3.8418329    0.1259985    2.5111335 -7871.1674045    0.7871167
   3.7526000   54.4322135   23.7821374    0.0250000    0.6430016    2.2887856     0.0000857     3.7736729    0.1305460    2.4730225 -10787.6600486    1.0787660
   3.6833000   52.9164978   23.4722184    0.0250000    0.6614194    2.2544310     0.0000925     3.7055974    0.1353346    2.4348231 -14695.4856766    1.4695486
